1     61.334 1.120
2     62.460 1.167
3     63.633 1.214
4     64.853 1.261
5     66.121 1.310
6     67.437 1.361
7     68.806 1.414
8     70.225 1.464
9     71.695 1.515
10    73.213 1.563
11    74.776 1.609
12    76.385 1.651
13    78.036 1.693
14    79.725 1.731
15    81.449 1.765
16    83.204 1.796
17    84.987 1.821
18    86.791 1.840
19    88.613 1.855
20    90.443 1.864
21    92.284 1.865
22    94.121 1.861
23    95.952 1.849
24    97.770 1.833
25    99.569 1.812
26   101.346 1.787
27   103.095 1.757
28   104.815 1.729
29   106.505 1.699
30   108.164 1.671
31   109.796 1.646
32   111.406 1.623
33   112.983 1.628
34   114.566 1.657
35   116.142 1.680
36   117.722 1.693
37   119.312 1.700
38   120.914 1.711
39   122.547 1.683
40   124.143 1.655
41   125.764 1.669
42   127.393 1.686
43   129.029 1.702
44   130.670 1.719
45   132.318 1.735
46   133.971 1.751
47   135.632 1.767
48   137.297 1.783
49   138.992 1.755
50   140.649 1.727
51   142.335 1.744
52   144.027 1.759
53   145.725 1.776
54   147.430 1.791
55   149.142 1.807
56   150.860 1.823
57   152.603 1.804
58   154.316 1.781
59   156.055 1.797
60   157.799 1.813
61   159.551 1.829
62   161.308 1.845
63   163.074 1.862
64   164.845 1.879
65   166.624 1.895
66   168.408 1.911
67   170.200 1.927
68   172.021 1.898
69   173.803 1.868
70   175.614 1.884
71   177.433 1.900
72   179.257 1.916
73   181.089 1.932
74   182.927 1.949
75   184.773 1.965
76   186.624 1.982
77   188.502 1.959
78   190.347 1.935
79   192.218 1.951
80   194.097 1.967
81   195.981 1.985
82   197.872 1.999
83   199.770 2.016
84   201.675 2.033
85   203.586 2.051
86   205.524 2.025
87   207.426 1.999
88   209.357 2.015
89   211.294 2.032
90   213.237 2.048
91   215.186 2.064
92   217.143 2.080
93   219.105 2.097
94   221.073 2.114
95   223.068 2.093
96   225.029 2.071
97   227.017 2.088
98   229.010 2.104
99   231.010 2.120
100  233.017 2.136
101  235.029 2.154
102  237.047 2.169
103  239.072 2.186
104  241.125 2.157
105  243.139 2.126
106  245.181 2.144
107  247.229 2.160
108  249.284 2.175
109  251.344 2.192
110  253.411 2.209
111  255.483 2.225
112  257.560 2.241
113  259.645 2.258
114  261.755 2.232
115  263.829 2.207
116  265.930 2.223
117  268.036 2.240
118  270.149 2.256
119  272.266 2.273
120  274.390 2.290
121  276.519 2.306
122  278.653 2.322
123  280.792 2.339
124  282.963 2.304
125  285.088 2.269
126  287.244 2.285
127  289.405 2.301
128  291.571 2.318
129  293.743 2.334
130  295.919 2.351
131  298.101 2.367
132  300.288 2.383
133  302.481 2.399
134  304.704 2.362
135  306.879 2.324
136  309.086 2.340
137  311.298 2.357
138  313.515 2.372
139  315.736 2.390
140  317.962 2.405
141  320.193 2.421
142  322.430 2.438
143  324.669 2.454
144  326.914 2.471
145  329.192 2.430
146  331.418 2.389
147  333.677 2.406
148  335.940 2.421
149  338.208 2.438
150  340.479 2.452
151  342.756 2.469
152  345.036 2.485
153  347.321 2.501
154  349.609 2.518
155  351.902 2.533
156  354.229 2.491
157  356.501 2.446
158  358.806 2.463
159  361.115 2.477
160  363.428 2.494
161  365.746 2.509
162  368.066 2.525
163  370.391 2.541
164  372.719 2.556
165  375.051 2.572
166  377.388 2.588
167  379.758 2.543
168  382.070 2.495
169  384.417 2.510
170  386.767 2.527
171  389.121 2.542
172  391.478 2.557
173  393.838 2.573
174  396.202 2.587
175  398.569 2.604
176  400.940 2.619
177  403.313 2.635
178  405.717 2.595
179  408.070 2.554
180  410.452 2.570
181  412.838 2.585
182  415.227 2.600
183  417.619 2.615
184  420.014 2.630
185  422.411 2.646
186  424.811 2.661
187  427.215 2.676
188  429.621 2.692
189  432.063 2.639
190  434.440 2.586
191  436.854 2.601
192  439.270 2.617
193  441.689 2.630
194  444.111 2.646
195  446.534 2.661
196  448.960 2.676
197  451.389 2.691
198  453.820 2.706
199  456.253 2.721
200  458.688 2.736
201  461.156 2.690
202  463.565 2.644
203  466.007 2.659
204  468.451 2.673
205  470.897 2.688
206  473.344 2.703
207  475.794 2.717
208  478.245 2.732
209  480.699 2.746
210  483.154 2.760
211  485.611 2.776
212  488.069 2.789
213  490.567 2.732
214  492.991 2.672
215  495.455 2.687
216  497.920 2.700
217  500.387 2.715
218  502.855 2.729
219  505.325 2.743
220  507.795 2.757
221  510.268 2.771
222  512.741 2.784
223  515.216 2.800
224  517.693 2.813
225  520.208 2.753
226  522.648 2.689
227  525.128 2.703
228  527.608 2.717
229  530.090 2.730
230  532.573 2.744
231  535.057 2.759
232  537.541 2.771
233  540.027 2.785
234  542.513 2.799
235  545.001 2.812
236  547.489 2.826
237  550.011 2.772
238  552.467 2.719
239  554.957 2.732
240  557.449 2.745
241  559.940 2.759
242  562.431 2.771
243  564.925 2.784
244  567.418 2.798
245  569.911 2.811
246  572.405 2.823
247  574.899 2.837
248  577.394 2.851
249  579.924 2.794
250  582.385 2.738
251  584.880 2.751
252  587.377 2.763
253  589.873 2.776
254  592.369 2.789
255  594.866 2.802
256  597.362 2.813
257  599.859 2.827
258  602.355 2.840
259  604.852 2.852
260  607.349 2.866
261  609.881 2.806
262  612.342 2.747
263  614.838 2.760
264  617.334 2.772
265  619.831 2.784
266  622.327 2.797
267  624.822 2.808
268  627.318 2.821
269  629.813 2.833
270  632.308 2.845
271  634.802 2.858
272  637.296 2.870
273  639.820 2.820
274  642.283 2.772
275  644.775 2.784
276  647.267 2.795
277  649.759 2.807
278  652.250 2.820
279  654.740 2.831
280  657.230 2.842
281  659.720 2.855
282  662.208 2.866
283  664.696 2.878
284  667.183 2.890
285  669.707 2.826
286  672.155 2.762
287  674.641 2.775
288  677.124 2.785
289  679.608 2.796
290  682.090 2.808
291  684.572 2.819
292  687.052 2.831
293  689.532 2.841
294  692.011 2.853
295  694.488 2.865
296  696.965 2.876
297  699.473 2.823
298  701.915 2.770
299  704.389 2.781
300  706.861 2.791
301  709.333 2.802
302  711.803 2.813
303  714.272 2.823
304  716.739 2.834
305  719.206 2.844
306  721.671 2.857
307  724.136 2.866
308  726.598 2.878
309  729.093 2.822
310  731.520 2.767
311  733.979 2.778
312  736.437 2.789
313  738.893 2.799
314  741.347 2.809
315  743.801 2.819
316  746.253 2.831
317  748.703 2.841
318  751.152 2.850
319  753.600 2.861
320  756.046 2.871
321  758.490 2.882
322  760.967 2.824
323  763.374 2.768
324  765.814 2.778
325  768.252 2.788
326  770.689 2.797
327  773.124 2.807
328  775.557 2.817
329  777.988 2.827
330  780.419 2.837
331  782.847 2.847
332  785.273 2.857
333  787.698 2.866
334  790.121 2.876
335  792.577 2.818
336  794.962 2.759
337  797.380 2.769
338  799.795 2.778
339  802.210 2.787
340  804.622 2.796
341  807.032 2.806
342  809.440 2.815
343  811.847 2.824
344  814.252 2.833
345  816.654 2.843
346  819.055 2.852
347  821.454 2.862
348  823.886 2.801
349  826.247 2.740
350  828.640 2.749
351  831.031 2.759
352  833.421 2.767